220 
234 
746 
776 
777 
266 
269 
268 
214 
343 
349 
359 
364 
348 
352 
251 
366 
185 
201 
187 
168 
174 
188 
196 
207 
211 
212 
213 
198 
200 
175 
170 
130 
131 
137 
133 
134 
132 
154 
160 
191 
192 
203 
162 
223 
292 
276 
283 
285 
280 
281 
282 
159 
210 
246 
247 
257 
227 
231 
235 
628 
284 
289 
273 
291 
330 
333 
630 
290 
263 
522 
525 
484 
623 
549 
561 
783 
518 
427 
478 
551 
552 
562 
620 
560 
190 
686 
218 
147 
303 
302 
313 
299 
314 
307 
311 
634 
163 
217 
219 
765 
768 
762 
779 
769 
775 
899 
906 
787 
772 
679 
782 
902 
904 
319 
322 
294 
144 
293 
742 
521 
194 
750 
184 
410 
449 
140 
151 
412 
145 
453 
457 
447 
452 
448 
446 
414 
286 
233 
249 
511 
458 
462 
288 
417 
785 
470 
475 
222 
361 
139 
148 
374 
265 
510 
252 
407 
409 
469 
692 
204 
808 
459 
461 
193 
205 
747 
225 
437 
711 
645 
647 
690 
691 
216 
329 
354 
379 
171 
666 
672 
617 
788 
790 
411 
463 
224 
298 
143 
335 
215 
455 
456 
209 
418 
368 
373 
135 
136 
165 
242 
155 
158 
197 
202 
199 
789 
152 
714 
261 
270 
167 
186 
272 
655 
295 
300 
306 
438 
442 
350 
353 
509 
339 
347 
248 
413 
241 
245 
250 
260 
275 
240 
258 
472 
506 
516 
809 
715 
515 
816 
279 
254 
497 
297 
406 
753 
883 
502 
503 
454 
481 
491 
493 
500 
501 
499 
498 
487 
495 
255 
514 
721 
725 
517 
68 
91 
153 
156 
507 
508 
512 
483 
492 
363 
346 
490 
416 
505 
243 
244 
256 
189 
104 
473 
917 
929 
42 
1 
21 
58 
109 
110 
88 
89 
108 
117 
78 
94 
98 
74 
84 
30 
90 
118 
125 
124 
101 
106 
103 
73 
54 
55 
56 
57 
71 
53 
62 
112 
81 
632 
729 
649 
32 
33 
34 
35 
48 
49 
50 
127 
14 
79 
18 
23 
24 
25 
40 
3 
45 
59 
75 
114 
99 
27 
8 
9 
69 
37 
7 
116 
10 
96 
52 
39 
82 
85 
128 
6 
77 
65 
689 
226 
76 
47 
631 
60 
43 
72 
61 
46 
17 
38 
97 
66 
4 
652 
51 
271 
5 
20 
26 
920 
22 
93 
15 
749 
95 
105 
664 
80 
259 
36 
149 
120 
16 
504 
12 
119 
181 
111 
399 
1079 
443 
480 
597 
695 
701 
665 
673 
681 
684 
697 
675 
668 
670 
674 
667 
685 
682 
624 
651 
534 
657 
696 
533 
658 
654 
698 
703 
676 
677 
713 
296 
262 
660 
445 
466 
793 
653 
304 
308 
450 
669 
710 
662 
663 
659 
661 
671 
337 
513 
642 
699 
678 
707 
397 
401 
638 
13 
688 
238 
63 
336 
178 
28 
916 
926 
928 
938 
927 
914 
930 
680 
683 
814 
720 
908 
836 
913 
936 
724 
727 
719 
722 
723 
726 
950 
966 
989 
994 
946 
933 
1000 
1008 
1017 
992 
1073 
1070 
986 
1061 
1049 
1064 
984 
918 
922 
924 
1065 
705 
706 
709 
704 
635 
702 
173 
426 
745 
901 
728 
875 
150 
900 
434 
2 
287 
277 
323 
342 
693 
694 
432 
367 
129 
708 
41 
378 
863 
754 
757 
975 
982 
979 
965 
967 
953 
961 
977 
735 
744 
983 
700 
780 
786 
797 
804 
802 
803 
795 
784 
759 
752 
962 
972 
731 
732 
733 
963 
945 
764 
767 
766 
1051 
807 
730 
951 
958 
947 
949 
756 
990 
755 
980 
805 
952 
800 
760 
770 
964 
884 
993 
771 
774 
806 
855 
856 
869 
871 
488 
107 
172 
332 
892 
387 
180 
264 
206 
221 
253 
177 
236 
157 
486 
761 
763 
925 
121 
465 
496 
182 
318 
126 
420 
430 
428 
773 
717 
87 
67 
650 
921 
195 
229 
230 
1095 
138 
444 
464 
467 
476 
477 
479 
489 
321 
325 
316 
324 
422 
429 
419 
377 
423 
468 
372 
381 
383 
386 
405 
317 
338 
357 
482 
389 
400 
494 
369 
341 
169 
625 
396 
543 
115 
811 
113 
278 
451 
384 
460 
431 
19 
29 
435 
301 
388 
402 
524 
425 
810 
474 
237 
123 
390 
940 
267 
11 
208 
618 
734 
239 
712 
164 
228 
1074 
536 
592 
520 
523 
538 
531 
532 
572 
577 
546 
547 
539 
593 
627 
559 
526 
594 
553 
544 
545 
554 
563 
567 
527 
529 
555 
556 
580 
587 
590 
541 
570 
537 
579 
540 
738 
569 
557 
485 
718 
568 
558 
530 
548 
791 
340 
344 
320 
327 
328 
334 
315 
351 
362 
371 
528 
382 
403 
404 
408 
392 
421 
375 
345 
100 
102 
92 
70 
331 
31 
380 
376 
591 
86 
393 
83 
436 
398 
439 
440 
441 
326 
395 
394 
370 
433 
355 
360 
519 
305 
309 
424 
358 
44 
365 
391 
166 
415 
141 
146 
1067 
758 
648 
1022 
566 
274 
878 
64 
471 
974 
385 
852 
865 
310 
740 
919 
641 
1069 
1071 
821 
822 
824 
825 
828 
833 
843 
847 
829 
830 
813 
818 
819 
862 
850 
820 
864 
867 
868 
866 
844 
876 
988 
1062 
817 
837 
851 
835 
857 
873 
826 
858 
832 
838 
893 
943 
944 
834 
882 
1055 
1058 
1003 
1005 
1019 
1020 
995 
998 
1035 
1037 
1038 
1041 
1042 
1039 
1052 
1053 
999 
1075 
1077 
1084 
1085 
1088 
1012 
1011 
1047 
1054 
1028 
1072 
1007 
1066 
1083 
1043 
1056 
1081 
1006 
1040 
1023 
1046 
1080 
1091 
1089 
1090 
1031 
1030 
1033 
1048 
1082 
1025 
1027 
905 
1014 
1078 
1094 
879 
1063 
909 
859 
1068 
889 
1013 
870 
1093 
1016 
1015 
1087 
872 
881 
874 
232 
1092 
179 
891 
585 
142 
716 
183 
550 
176 
1034 
1036 
792 
796 
639 
643 
626 
687 
827 
598 
602 
601 
606 
574 
575 
576 
583 
584 
571 
600 
578 
610 
573 
615 
616 
613 
608 
605 
607 
644 
629 
637 
619 
609 
736 
737 
603 
621 
622 
604 
612 
581 
586 
588 
611 
614 
542 
633 
599 
741 
854 
748 
860 
640 
1076 
636 
589 
535 
739 
743 
582 
564 
565 
595 
596 
122 
1045 
161 
1009 
778 

312 

356 

656 

781 

853 
959 
1059 
1060 
1044 
1050 
1057 
954 
955 
1018 
1021 
1026 
985 
956 
957 
935 
937 
799 
812 
987 
968 
969 
970 
971 
976 
981 
896 
897 
996 
997 
1002 
646 
911 
912 
839 
840 
841 
842 
848 
849 
798 
861 
815 
880 
931 
915 
910 
794 
1001 
1004 
1010 
907 
894 
991 
978 
923 
895 
898 
877 
973 
888 
948 
932 
934 
1024 
885 
886 
801 
960 
942 
941 
846 
823 
939 
887 
845 
890 
831 
1029 
751 
1032 

903 

1086 

